EXPOCODE 09AR9404_1    S3 (P12)
                                  CORR
STA. DIST(KM)   LAT      LONG     DEPTH
-----------------------------------------
  55      0.0   -66.600   144.163   802.4
  56     93.7   -66.009   142.663   431.2
  57    152.6   -65.842   141.428   304.7
  58    230.0   -65.583   139.854   520.2
  59    235.1   -65.537   139.853  1226.1
  60    246.8   -65.432   139.846  1959.1
  61    285.5   -65.083   139.847  2705.3
  62    315.1   -64.817   139.849  2529.4
  63    374.5   -64.282   139.868  3410.1
  65    477.6   -63.353   139.848  3757.0
  66    533.2   -62.852   139.845  3166.7
  67    589.4   -62.346   139.841  3912.9
  68    644.5   -61.850   139.854  4253.1
  69    699.9   -61.351   139.858  4303.8
  70    783.3   -60.600   139.844  4383.6
  71    866.8   -59.848   139.849  4442.1
  72    950.0   -59.099   139.854  3880.8
  73   1032.9   -58.352   139.854  4005.6
  74   1111.3   -57.646   139.863  4056.3
  75   1190.9   -56.930   139.829  3990.5
  76   1275.5   -56.212   140.293  3622.8
  77   1359.1   -55.501   140.733  4107.6
  79   1472.2   -54.540   141.318  2740.9
  80   1528.1   -54.064   141.598  2688.2
  81   1584.0   -53.586   141.868  2504.2
  82   1637.5   -53.132   142.136  3091.2
  83   1691.8   -52.668   142.391  3339.2
  84   1739.4   -52.266   142.635  3472.0
  85   1787.4   -51.852   142.834  3587.2
  86   1836.1   -51.434   143.050  3715.9
  87   1937.0   -50.555   142.689  3776.6
  88   2002.4   -51.033   143.232  3823.2
  89   2039.4   -50.717   143.401  3661.6
  90   2074.3   -50.415   143.534  3542.8
  91   2113.3   -50.085   143.721  3965.6
  92   2154.0   -49.734   143.883  3443.5
  93   2208.2   -49.267   144.100  4265.5
  94   2264.1   -48.784   144.317  4141.2
  95   2319.0   -48.311   144.533  3997.4
  96   2377.9   -47.801   144.751  3863.3
  97   2416.8   -47.466   144.898  4273.9
  98   2453.6   -47.151   145.049  3941.4
  99   2511.5   -46.648   145.251  3319.6
 100   2567.7   -46.165   145.468  2737.1
 101   2622.2   -45.696   145.672  1936.9
 102   2677.2   -45.217   145.852  2848.9
 103   2735.1   -44.716   146.051  3169.8
 104   2773.6   -44.382   146.181  2312.2
 105   2803.4   -44.115   146.217   999.5
 106   2818.5   -44.000   146.317   224.1
